	A	B	C	D	E	F	G	H	I	J	K	L	M	N	O	P	Q	R	S	T
A	0	1	0	0	0	0	0	0	0	30	0	0	0	0	0	0	0	0	0	0
B	1	0	2	0	0	0	0	0	31	0	0	0	0	0	0	0	0	0	0	0
C	0	2	0	3	0	0	0	32	0	0	0	0	0	0	0	0	0	0	0	0
D	0	0	3	0	4	0	31	0	0	0	0	0	0	0	0	0	0	0	0	0
E	0	0	0	4	0	5	0	0	0	30	0	0	0	0	0	0	0	0	0	0
F	0	0	0	0	5	0	6	0	0	0	0	0	0	0	0	0	0	0	0	0
G	0	0	0	33	0	6	0	7	0	0	0	0	0	0	0	0	0	0	0	0
H	0	0	32	0	0	0	7	0	8	0	0	0	0	0	0	0	0	0	0	0
I	0	31	0	0	0	0	0	8	0	9	0	0	0	0	0	0	0	0	0	0
J	30	0	0	0	30	0	0	0	9	0	10	0	0	0	0	0	0	0	0	0
K	0	0	0	0	0	0	0	0	0	10	0	11	0	0	0	0	0	0	0	0
L	0	0	0	0	0	0	0	0	0	0	11	0	12	0	0	0	0	0	0	0
M	0	0	0	0	0	0	0	0	0	0	0	12	0	13	0	0	0	0	40	0
N	0	0	0	0	0	0	0	0	0	0	0	0	13	0	14	0	0	0	0	0
O	0	0	0	0	0	0	0	0	0	0	0	0	0	14	0	15	0	0	0	0
P	0	0	0	0	0	0	0	0	0	0	0	0	0	0	15	0	16	0	0	0
Q	0	0	0	0	0	0	0	0	0	0	0	0	0	0	0	16	0	17	0	0
R	0	0	0	0	0	0	0	0	0	0	0	0	0	0	0	0	17	0	18	0
S	0	0	0	0	0	0	0	0	0	0	0	0	40	0	0	0	0	18	0	19
T	0	0	0	0	0	0	0	0	0	0	0	0	0	0	0	0	0	0	19	0